123
124
125
126
133
134
135
136
137
138
139
142
143
144
145
146
152
153
154
155
156
157
158
162
163
164
165
166
167
172
173
174
175
176
178
179
182
183
184
185
186
187
191
192
193
194
195
197
198
220
223
224
225
226
228
229
233
234
235
237
238
240
241
242
243
244
246
247
248
250
254
255
256
257
258
259
260
261
263
264
265
266
267
268
269
270
274
276
277
278
279
280
282
283
284
285
287
288
289
291
293
294
295
296
297
299
422
428
436
438
439
460
463
465
466
467
470
475
476
478
479
480
493
494
495
531
532
533
536
537
538
539
544
545
547
548
550
551
553
554
555
556
557
558
561
562
563
564
565
566
567
568
569
572
573
574
575
576
577
578
581
584
585
586
587
594
595
596
597
598
599
721
725
735
736
737
738
739
740
742
743
744
745
746
747
748
749
761
763
765
766
767
768
770
771
772
773
774
776
778
779
790
791
794
795
796
797
798
799
820
823
824
826
827
829
833
834
835
836
837
838
845
846
847
848
852
853
854
855
856
857
858
859
863
865
866
867
868
869
875
877
879
880
883
884
885
887
889
892
893
894
895
896
897
898
920
930
940
942
943
944
946
947
948
949
950
952
954
955
956
957
959
964
965
966
967
968
969
972
973
974
977
978
979
980
982
983
984
985
986
987
993
994
995
996
997
